0.
4.386490845
0.4386490845
0.08772981690
0.02506566197
0.008952022133
0.003730009222
0.001740670970
0.0008861597667
0.0004833598727
0.0002788614650
0.0001685426437
0.0001059410903
0.00006886170871
0.00004607658451
0.00003162118544
0.00002219030558
0.00001588358715
0.00001157232778
8.566528356e-6
6.433361216e-6
4.894948752e-6
3.769110539e-6
2.934107589e-6
2.307161523e-6
1.831080574e-6
1.465766469e-6
1.182721909e-6
9.614384554e-7
7.869838970e-7
6.483674151e-7
5.374168414e-7
4.479979048e-7
3.754649107e-7
3.162699923e-7
2.676822837e-7
2.275841278e-7
1.943218322e-7
1.665954245e-7
1.433765500e-7